1 0.36348625 0.1602847721822542 0.00132 0.009901079136690649
1 0.3676225 0.16040167865707433 0.0009525 0.010873301358912868
1 0.37187125 0.16189348521183053 0.000915 0.011603717026378897
1 0.37592875 0.1641626698641087 0.00087625 0.012304156674660272
1 0.37996749999999996 0.16593625099920065 0.000945 0.011907474020783373
1 0.38386624999999996 0.16594624300559552 0.00109 0.011732613908872902
1 0.38795999999999997 0.16566047162270184 0.0009925000000000001 0.012207234212629895
1 0.39201749999999996 0.16455835331734614 0.00092 0.012752797761790568
1 0.39608625000000003 0.16351318944844126 0.0010175000000000002 0.01290767386091127
1 0.40011874999999997 0.16233513189448442 0.00104125 0.013300359712230217
1 0.40432125 0.16114208633093527 0.0008725 0.013857913669064748
1 0.40843875 0.15997601918465226 0.0008237499999999999 0.013849920063948843
1 0.41255624999999996 0.15910171862509992 0.00092 0.014307553956834532
1 0.41668625 0.1593345323741007 0.0009925000000000001 0.015624500399680255
1 0.42074374999999997 0.16033073541167064 0.00106625 0.016999400479616306
1 0.42484875 0.16081534772182254 0.00104125 0.017348121502797763
1 0.42883499999999997 0.16059852118305357 0.00099875 0.018004596322941647
1 0.4329475 0.16066147082334134 0.0008675 0.018424260591526777
1 0.43696875 0.16054656274980017 0.0009725000000000001 0.018571143085531577
1 0.44100375 0.1604826139088729 0.00094625 0.019243605115907274
1 0.44510374999999996 0.16055655475619504 0.00094625 0.019643285371702637
1 0.44915375 0.16049560351718625 0.00084875 0.02013289368505196
1 0.45326 0.16029876099120705 0.00084875 0.02030775379696243
1 0.45736625 0.16021083133493205 0.00079375 0.020877298161470822
1 0.46143124999999996 0.16009092725819346 0.00125875 0.021249000799360512
1 0.46359875 0.16020883293365307 0.00119875 0.021251998401278976
1 0.53168375 0.16017386091127098 0.00284375 0.020324740207833734
1 0.5352925000000001 0.15995003996802556 0.0012675 0.02096822541966427
1 0.539095 0.15988409272581933 0.0020387499999999998 0.02057154276578737
1 0.54389 0.16014788169464428 0.0010475 0.02057154276578737
1 0.547775 0.16036870503597123 0.0009925000000000001 0.02030775379696243
1 0.55177 0.16034672262190247 0.0011575 0.01982314148681055
1 0.5557925 0.1605005995203837 0.0012675 0.019514388489208633
1 0.55989875 0.16052258193445243 0.0009925000000000001 0.018853916866506795
1 0.56394875 0.16043465227817746 0.00082625 0.018590127897681857
1 0.5680275 0.1605005995203837 0.0007162500000000001 0.017928657074340527
1 0.5721325 0.16054456434852118 0.0009925000000000001 0.017840727418065548
1 0.5773125 0.16058852917665867 0.0009925000000000001 0.0168705035971223
1 0.58128 0.15934252597921664 0.0012124999999999998 0.015700439648281373
1 0.5854412499999999 0.15898081534772182 0.0012675 0.014801159072741807
1 0.58957375 0.15935551558752997 0.0010475 0.014052757793764987
1 0.5937625000000001 0.16047262190247802 0.0011575 0.013818944844124702
1 0.5979512499999999 0.16162370103916865 0.0011575 0.013568145483613108
1 0.64019125 0.1610511590727418 0.0009925000000000001 0.0096033173461231
1 0.6355075 0.1607873701039169 0.0009925000000000001 0.01030775379696243
1 0.63112625 0.16111710631494805 0.0011575 0.010704436450839329
1 0.62702 0.163232414068745 0.00088125 0.012026378896882494
1 0.6228875 0.1656544764188649 0.00077125 0.011937450039968026
1 0.61856125 0.16600719424460433 0.0007162500000000001 0.011673661071143085
1 0.6143725 0.16607314148681054 0.00093625 0.011717625899280576
1 0.61024 0.1652587929656275 0.0010475 0.012290167865707434
1 0.6060512499999999 0.16413469224620306 0.00093625 0.012862709832134292
1 0.60200125 0.16294564348521182 0.00088125 0.012950639488409275
1 0.6394237500000001 0.911419864108713 0.00087 0.01655275779376499
1 0.635045 0.9107234212629897 0.0009274999999999999 0.015718425259792168
1 0.63092625 0.9111181055155875 0.0009274999999999999 0.015579536370903277
1 0.6268075 0.9123231414868106 0.0008125 0.015765387689848122
1 0.62268875 0.9148501199040767 0.0009274999999999999 0.015904276578737008
1 0.6184550000000001 0.9161260991207034 0.0008125 0.014652278177458032
1 0.614365 0.9161490807354117 0.00098625 0.014513389288569144
1 0.61027625 0.9154306554756194 0.0009274999999999999 0.014281574740207834
1 0.6061862499999999 0.914224620303757 0.00098625 0.014002797761790566
1 0.60212625 0.9132044364508394 0.0012175 0.0133533173461231
1 0.59806625 0.9119524380495603 0.00098625 0.012982613908872903
1 0.5940925 0.910863309352518 0.0009274999999999999 0.012473021582733813
1 0.5900325000000001 0.910120903277378 0.00116 0.012102318145483614
1 0.58611625 0.9098431254996002 0.00098625 0.011545763389288569
1 0.5820275 0.9098201438848921 0.0009274999999999999 0.011128097521982414
1 0.5770675 0.910607513988809 0.00098625 0.010293764988009591
1 0.571615 0.9112799760191846 0.00098625 0.008299360511590727
1 0.56758375 0.9111410871302958 0.0008125 0.008207434052757794
1 0.563495 0.9112569944044765 0.00087 0.007603916866506794
1 0.55952125 0.9112340127897681 0.00116 0.007187250199840129
1 0.5554325 0.911164068745004 0.0011025 0.006491806554756195
1 0.5514 0.911164068745004 0.0009274999999999999 0.006491806554756195
1 0.54722375 0.911164068745004 0.0008125 0.006028177458033573
1 0.5430475 0.911164068745004 0.00104375 0.0058423261390887285
1 0.53910375 0.9111181055155875 0.00104375 0.005564548361310951
1 0.5347525000000001 0.9109792166266987 0.00104375 0.005564548361310951
1 0.53218875 0.9106684652278176 0.00103375 0.005563549160671463
1 0.36231375000000005 0.9104796163069544 0.0015025 0.016117106314948042
1 0.36634125 0.9103697042366107 0.001365 0.015680455635491607
1 0.37039249999999996 0.9110791366906474 0.0012749999999999999 0.01608113509192646
1 0.3757175 0.9130075939248601 0.00264 0.016662669864108713
1 0.37995 0.9154266586730616 0.00182 0.015389688249400481
1 0.3854575 0.9164458433253398 0.0030037500000000003 0.01473521183053557
1 0.38866625 0.9158453237410072 0.0011375 0.01433453237410072
1 0.3927175 0.9148631095123901 0.0009562500000000001 0.014188649080735413
1 0.39679125 0.9137719824140688 0.0010925 0.01346123101518785
1 0.400955 0.9125349720223821 0.000865 0.013388289368505196
1 0.40512 0.9112979616306955 0.0008187499999999999 0.013315347721822541
1 0.40896625 0.9105155875299761 0.0009562500000000001 0.01240607513988809
1 0.412925 0.9099520383693045 0.0010462499999999999 0.011933453237410073
1 0.4171125 0.9097701838529176 0.000865 0.011642685851318944
1 0.42127749999999997 0.9101878497202238 0.0011837500000000001 0.01065947242206235
1 0.425305 0.9114978017585932 0.0009562500000000001 0.009204636290967226
1 0.42956124999999995 0.9112250199840128 0.0011837500000000001 0.008003597122302157
1 0.43365750000000003 0.9111520783373301 0.00100125 0.007785771382893685
1 0.43773 0.9112070343725021 0.0009562500000000001 0.007094324540367706
1 0.44164499999999995 0.9111340927258192 0.000865 0.006584732214228618
1 0.44571875 0.9112799760191846 0.00100125 0.006366906474820144
1 0.449815 0.9110981215027978 0.00100125 0.006076139088729017
1 0.45397875 0.9110791366906474 0.0009562500000000001 0.0061121103117506
1 0.45789375 0.9110251798561152 0.000865 0.0057843725019984015
1 0.46226249999999997 0.9110251798561152 0.000865 0.005566546762589928
1 0.46453875 0.910861310951239 0.00085875 0.004870103916866507
0 0.36527499999999996 0.16557653876898482 0.00242 0.0008093525179856115
0 0.3695 0.16630695443645085 0.00248875 0.0011750599520383694
0 0.37375 0.1681274980015987 0.0023 0.0008553157474020784
0 0.37795875 0.17089928057553955 0.00226125 0.0008463229416466828
0 0.381895 0.17223421262989608 0.002285 0.0007234212629896083
0 0.38580000000000003 0.17223021582733813 0.00209375 0.00089828137490008
0 0.38995875 0.1715187849720224 0.0019512499999999999 0.000937250199840128
0 0.39396 0.17046362909672264 0.00225875 0.0007773780975219825
0 0.39809875 0.16960131894484412 0.0023824999999999996 0.0010011990407673861
0 0.40216 0.16862809752198243 0.0025025 0.0010651478816946444
0 0.406335 0.16744204636290966 0.002395 0.0009472422062350121
0 0.41027375 0.16671362909672263 0.0023450000000000003 0.0010751398880895283
0 0.41443125 0.16678756994404476 0.0022025 0.0010381694644284573
0 0.41875375000000004 0.16775479616306954 0.0020074999999999997 0.0012070343725019985
0 0.42283499999999996 0.16918365307753797 0.0020175 0.0008962829736211032
0 0.426945 0.1699990007993605 0.0020062500000000002 0.0009442446043165467
0 0.43091250000000003 0.17028277378097523 0.002245 0.0012070343725019985
0 0.43494125 0.17033073541167068 0.00215 0.0009992006394884093
0 0.4389925 0.1704306554756195 0.0019450000000000001 0.0010771382893685051
0 0.44303 0.1707224220623501 0.00224875 0.000991207034372502
0 0.44705374999999997 0.17086430855315748 0.00216875 0.0012070343725019985
0 0.45114875 0.1709312549960032 0.00210125 0.0011041167066346924
0 0.45528250000000003 0.17091926458832934 0.002215 0.001018185451638689
0 0.45956125 0.17115007993605114 0.002315 0.0010541566746602718
0 0.53738125 0.17124400479616306 0.0024975 0.0013948840927258195
0 0.5415675 0.1708123501199041 0.0025 0.0012070343725019985
0 0.54554375 0.17083033573141487 0.00232125 0.0009532374100719423
0 0.54975875 0.1708623101518785 0.00232 0.0010651478816946444
0 0.5536737500000001 0.1707743804956035 0.00231875 0.0008892885691446843
0 0.557765 0.17056354916067146 0.0020099999999999996 0.0011420863309352517
0 0.5617775 0.17036970423661071 0.00208625 0.001091127098321343
0 0.565875 0.17012090327737808 0.00221125 0.0009782174260591526
0 0.569905 0.1698101518784972 0.00219875 0.00103017585931255
0 0.57455125 0.16990407673860913 0.00144625 0.0011480815347721823
0 0.5793550000000001 0.1682863709032774 0.00225 0.0010641486810551559
0 0.5833412499999999 0.16714128697042366 0.0022712500000000003 0.0009902078337330135
0 0.58765375 0.16677757793764986 0.002405 0.0013689048760991205
0 0.59182375 0.16687450039968024 0.00249375 0.001130095923261391
0 0.59588125 0.16791067146282973 0.0022375 0.0010361710631494802
0 0.59998625 0.16908872901678657 0.0020724999999999997 0.0009542366107114309
0 0.60422875 0.17014988009592324 0.00212875 0.0008443245403677058
0 0.60817 0.17105815347721823 0.0021825 0.0007344124700239808
0 0.6124175000000001 0.17187849720223822 0.001885 0.0009302557953637091
0 0.6164550000000001 0.17252098321342924 0.00213 0.0009122701838529178
0 0.6207075 0.17212529976019186 0.00238375 0.0011360911270983213
0 0.62492625 0.16979816147082333 0.00221 0.0011520783373301358
0 0.62914 0.16762090327737808 0.0022675 0.0012210231814548363
0 0.63334125 0.16629996003197442 0.0021775 0.0009422462030375699
0 0.63803125 0.16597721822541966 0.0021025 0.0010191846522781775
0 0.63734125 0.9025439648281375 0.00288875 0.0011980415667466027
0 0.6333150000000001 0.902373101518785 0.0026725 0.0012140287769784174
0 0.62892125 0.9037450039968026 0.002535 0.0011520783373301358
0 0.62488875 0.9060951239008793 0.00257625 0.0010981215027977618
0 0.62061875 0.9080825339728218 0.00268375 0.0011141087130295763
0 0.6166375000000001 0.9087010391686652 0.0023775 0.0010541566746602718
0 0.61224375 0.9083872901678657 0.0024187500000000003 0.0009292565947242207
0 0.60819625 0.9073531175059953 0.00216125 0.0011660671462829736
0 0.6041875 0.9065827338129496 0.0020724999999999997 0.0011360911270983213
0 0.6001537499999999 0.9057064348521182 0.0022 0.0011860511590727418
0 0.59599375 0.9047312150279776 0.0021675 0.001108113509192646
0 0.59194 0.9035621502797763 0.00216875 0.0012879696243005595
0 0.58794875 0.9032703836930456 0.0022925 0.0012819744204636292
0 0.58399625 0.903804956035172 0.00267625 0.0009822142286171063
0 0.580035 0.9049520383693046 0.0024112499999999998 0.0010441646682653877
0 0.57377375 0.9063559152677857 0.00240875 0.0011151079136690648
0 0.56965625 0.9066157074340527 0.0023725 0.0009872102318145485
0 0.565515 0.906630695443645 0.0024674999999999996 0.001089128697042366
0 0.56146625 0.9070423661071143 0.00229625 0.0010491606714628297
0 0.557495 0.9074840127897682 0.0023712499999999997 0.0009242605915267786
0 0.55342125 0.907552957633893 0.00233125 0.000918265387689848
0 0.5493724999999999 0.9074400479616307 0.0023425 0.001052158273381295
0 0.54525375 0.9075919264588329 0.0023925 0.0011410871302957634
0 0.54102625 0.9078177458033574 0.0024950000000000003 0.0010161870503597123
0 0.536895 0.9078756994404477 0.00242875 0.0012030375699440448
0 0.4603875 0.9078357314148682 0.002285 0.000908273381294964
0 0.45594875 0.9076089128697042 0.00223625 0.001101119104716227
0 0.45199874999999995 0.9075909272581935 0.0024412500000000003 0.0011370903277378099
0 0.44789125 0.9074930055955236 0.00197625 0.0009412470023980815
0 0.44386875 0.9076099120703438 0.00248875 0.0010321742605915267
0 0.43965125 0.9074480415667466 0.00233875 0.0009242605915267786
0 0.43557875 0.90685551558753 0.0022125 0.0013239408473221424
0 0.43152375 0.9068465227817745 0.0023 0.0010161870503597123
0 0.42739875 0.9066906474820143 0.0026075 0.0010651478816946444
0 0.42318625 0.905900279776179 0.00210875 0.0011410871302957634
0 0.4190175 0.9043784972022383 0.0024212500000000002 0.0009782174260591526
0 0.41501 0.9035901278976818 0.00233125 0.0009852118305355715
0 0.41097875 0.9035201838529177 0.0022875 0.0010601518784972021
0 0.40698625 0.9042466027178259 0.0024112499999999998 0.0010471622701838529
0 0.40290750000000003 0.9052577937649879 0.0024500000000000004 0.000935251798561151
0 0.39889875 0.9064868105515589 0.0023599999999999997 0.0011610711430855316
0 0.39467 0.9071572741806555 0.0025487500000000002 0.0010621502797761792
0 0.3906675 0.9081344924060752 0.0022025 0.0010721422861710633
0 0.38665249999999995 0.9089078737010392 0.0023712499999999997 0.0009632294164668266
0 0.38229250000000004 0.9086850519584333 0.00265875 0.0009502398081534772
0 0.3780125 0.9073651079136691 0.0022949999999999997 0.0009742206235011991
0 0.372425 0.9044294564348522 0.0027425 0.0011520783373301358
0 0.36827 0.9026468824940048 0.0025375000000000003 0.0010431654676258991
0 0.36402749999999995 0.9020813349320544 0.0023425 0.0010631494804156675
